1 41621U 16040Y   17333.13606063  .00003908  00000-0  16578-3 0  9997
2 41621  97.4481  34.8746 0011513 206.7663 153.2981 15.23650418 79798
1 41752U 16054A   17332.60628646 -.00000068 +00000-0 +00000-0 0  9994
2 41752 000.0437 276.2964 0009358 354.0859 089.5418 01.00273038004508
1 41590U 16038C   17331.65974503 -.00000166 +00000-0 -30163-2 0  9991
2 41590 022.5172 212.5811 8124794 338.9985 001.6817 01.17752556006255
1 41028U 15065A   17332.55230658 -.00000248  00000-0  00000+0 0  9996
2 41028   0.0073 330.7224 0002715 274.8358 114.4135  1.00270308  7557
1 41469U 16027A   17333.18007488 -.00000326  00000-0  00000+0 0  9994
2 41469   3.8906 262.3673 0003163 185.9705 174.2251  1.00265536  5891
1 27525U 02043A   17331.76116817 -.00000066 +00000-0 +00000-0 0  9995
2 27525 006.6182 054.1847 0015833 230.2835 129.4483 01.00270928055749
1 26089U 00011A   17332.72129434 +.00000132 +00000-0 +00000-0 0  9991
2 26089 002.1518 110.6498 0007430 149.9820 272.3667 00.99913376010461
1 40930U 15052A   17332.98736156  .00000875  00000-0  34045-4 0  9990
2 40930   5.9941 140.9469 0008730  49.5134 310.6018 14.76178024117348
1 42797U 17036AJ  17332.69726501  .00040991  00000-0  13896-2 0  9990
2 42797  97.4378  31.3848 0009669  55.6884 304.5271 15.30386458 23136
1 42796U 17036AH  17333.09444495  .00031098  00000-0  16375-3 0  9997
2 42796  94.5971 340.7307 0023524  46.2985 314.0233 15.80184193 24843
1 41783U 16059A   17333.14184377  .00000073  00000-0  23588-4 0  9996
2 41783  98.1471  32.6292 0033642   5.8554 354.3034 14.62882950 62717
1 35931U 09051A   17332.85718861 +.00000109 +00000-0 +38940-4 0  9994
2 35931 098.3097 065.3984 0003214 059.5158 300.6354 14.50854534433232
1 35931U 09051A   17332.85718861 +.00000109 +00000-0 +38940-4 0  9994
2 35931 098.3097 065.3984 0003214 059.5158 300.6354 14.50854534433232
1 27807U 03018A   17332.17015831 -.00000069  00000-0  00000+0 0  9993
2 27807   5.2951  61.4503 0008210 231.4397 196.2792  0.99857049 53260
1 38248U 12017A   17333.52821481  .00000531  00000-0  37250-4 0  9994
2 38248  97.5737 339.1154 0003756 173.2502 345.4022 15.09334258308171
1 40930U 15052A   17332.98736156  .00000875  00000-0  34045-4 0  9990
2 40930   5.9941 140.9469 0008730  49.5134 310.6018 14.76178024117348
1 37387U 11015A   17333.48621956  .00000018  00000-0  28009-4 0  9996
2 37387  98.6573  45.4829 0002020 191.9971 168.1158 14.21653017343168
1 41240U 16002A   17333.53140306 -.00000041  00000-0  86478-4 0  9992
2 41240  66.0390 138.7219 0007537 268.4847  91.5305 12.80930894 87326
1 35345U 01049QD  17314.21179939  .00001349  00000-0  27435-3 0  9992
2 35345  98.0551 302.1208 0064440 323.7396  35.9446 14.61430803723640
1 12545U 81057B   17332.36960922 -.00000285  00000-0  00000+0 0  9996
2 12545  13.3901 328.8870 0021341 147.1928  41.8102  1.00043484 91139